         1 5.000000e-06     6.37941518224857825e-05
        21 1.050000e-04     1.20974061815306948e-03
        41 2.050000e-04     6.22877099503090434e-02
        61 3.050000e-04     3.10499956182516301e-01
        81 4.050000e-04     4.23698584256277822e-01
       101 5.050000e-04     4.96330092872901363e-01
       121 6.050000e-04     5.79267560212794130e-01
       141 7.050000e-04     5.73316489375561678e-01
       161 8.050000e-04     7.42056635554547483e-01
       181 9.050000e-04     9.50588280578983369e-01
       201 1.005000e-03     9.76383897183059624e-01
       221 1.105000e-03     1.01104061405842049e+00
       241 1.205000e-03     1.11285002484759699e+00
       261 1.305000e-03     1.34712565239700788e+00
       281 1.405000e-03     1.54902912185712061e+00
       301 1.505000e-03     1.65365186943839726e+00
       321 1.605000e-03     1.67707573680689292e+00
       341 1.705000e-03     1.76883156635909344e+00
       361 1.805000e-03     1.94167282373811823e+00
       381 1.905000e-03     2.14823165615028389e+00
       401 2.005000e-03     2.26183957025898907e+00
       421 2.105000e-03     2.30717711308335183e+00
       441 2.205000e-03     2.38534268380401171e+00
       461 2.305000e-03     2.53749193084275104e+00
       481 2.405000e-03     2.69862857604807083e+00
       501 2.505000e-03     2.84590825017762228e+00
       521 2.605000e-03     2.95203214121815671e+00
       541 2.705000e-03     3.03489904969159552e+00
       561 2.805000e-03     3.15352130727511204e+00
       581 2.905000e-03     3.31073707761532532e+00
       601 3.005000e-03     3.44652354083336254e+00
       621 3.105000e-03     3.56575766843547370e+00
       641 3.205000e-03     3.67463557671280050e+00
       661 3.305000e-03     3.80698096203901004e+00
       681 3.405000e-03     3.92771975349608216e+00
       701 3.505000e-03     4.05644355100160148e+00
       721 3.605000e-03     4.19939060958490007e+00
       741 3.705000e-03     4.30150190657018605e+00
       761 3.805000e-03     4.39478756382622837e+00
       781 3.905000e-03     4.55024492495130151e+00
       801 4.005000e-03     4.70225639317482358e+00
       821 4.105000e-03     4.84819442466782036e+00
       841 4.205000e-03     4.92845438550589865e+00
       861 4.305000e-03     5.01408158614159394e+00
       881 4.405000e-03     5.20414794154621685e+00
       901 4.505000e-03     5.39180319350685533e+00
       921 4.605000e-03     5.53226254640567383e+00
       941 4.705000e-03     5.65524924598305745e+00
       961 4.805000e-03     5.78123794677208203e+00
       981 4.905000e-03     5.88389123940737147e+00
      1001 5.005000e-03     6.04781812864670698e+00
      1021 5.105000e-03     6.19938953098593082e+00
      1041 5.205000e-03     6.32671410140495016e+00
      1061 5.305000e-03     6.50101011676975205e+00
      1081 5.405000e-03     6.69030546564305695e+00
      1101 5.505000e-03     6.81843127127417237e+00
      1121 5.605000e-03     6.89534631667592279e+00
      1141 5.705000e-03     7.05272073984416625e+00
      1161 5.805000e-03     7.18982852226832847e+00
      1181 5.905000e-03     7.37789257488910444e+00
      1201 6.005000e-03     7.47229011245093755e+00
      1221 6.105000e-03     7.54074179359589802e+00
      1241 6.205000e-03     7.68112448757900168e+00
      1261 6.305000e-03     7.90148573146691291e+00
      1281 6.405000e-03     8.11346334397453184e+00
      1301 6.505000e-03     8.25621489989233659e+00
      1321 6.605000e-03     8.31699348920626136e+00
      1341 6.705000e-03     8.38863890659465206e+00
      1361 6.805000e-03     8.46956540080806164e+00
      1381 6.905000e-03     8.62267843454085003e+00
      1401 7.005000e-03     8.93469291599529214e+00
      1421 7.105000e-03     9.43851108320282783e+00
      1441 7.205000e-03     1.00080169521982079e+01
      1461 7.305000e-03     1.00758446950969525e+01
      1481 7.405000e-03     9.41511938732575437e+00
      1501 7.505000e-03     9.30474326924488970e+00
      1521 7.605000e-03     9.66588515104446877e+00
      1541 7.705000e-03     1.01517916814439619e+01
      1561 7.805000e-03     1.06890010960110011e+01
      1581 7.905000e-03     1.02443431488585670e+01
      1601 8.005000e-03     1.01097691830626015e+01
      1621 8.105000e-03     1.03380359506099726e+01
      1641 8.205000e-03     1.07178191500614517e+01
      1661 8.305000e-03     1.11448908172200305e+01
      1681 8.405000e-03     1.15157120733641669e+01
      1701 8.505000e-03     1.17074184199111588e+01
      1721 8.605000e-03     1.15922196578395003e+01
      1741 8.705000e-03     1.09578050578784776e+01
      1761 8.805000e-03     1.09894788832188013e+01
      1781 8.905000e-03     1.13177051491650857e+01
      1801 9.005000e-03     1.18565010140554712e+01
      1821 9.105000e-03     1.23298901567456696e+01
      1841 9.205000e-03     1.29400236678163250e+01
      1861 9.305000e-03     1.31350999243393005e+01
      1881 9.405000e-03     1.31762512554121543e+01
      1901 9.505000e-03     1.27872616610433933e+01
      1921 9.605000e-03     1.26517490363341523e+01
      1941 9.705000e-03     1.26166917116538020e+01
      1961 9.805000e-03     1.27249667696836184e+01
      1981 9.905000e-03     1.30082203710379343e+01
      2001 1.000500e-02     1.31677002366277218e+01
      2021 1.010500e-02     1.32868200114552515e+01
      2041 1.020500e-02     1.34433869763556153e+01
      2061 1.030500e-02     1.34892387228755393e+01
      2081 1.040500e-02     1.34037433326712350e+01
      2101 1.050500e-02     1.35624314083020625e+01
      2121 1.060500e-02     1.36828005997169946e+01
      2141 1.070500e-02     1.38621018064561614e+01
      2161 1.080500e-02     1.40619143253881784e+01
      2181 1.090500e-02     1.41049124885447608e+01
      2201 1.100500e-02     1.41524054436412996e+01
      2221 1.110500e-02     1.43341206076307497e+01
      2241 1.120500e-02     1.44926811183613360e+01
      2261 1.130500e-02     1.47215204864695401e+01
      2281 1.140500e-02     1.50216857186053492e+01
      2301 1.150500e-02     1.51372978190562950e+01
      2321 1.160500e-02     1.52042353507397667e+01
      2341 1.170500e-02     1.50878291420793946e+01
      2361 1.180500e-02     1.48786896279162058e+01
      2381 1.190500e-02     1.47988978838726446e+01
      2401 1.200500e-02     1.49234173422883032e+01
      2421 1.210500e-02     1.50490916089533204e+01
      2441 1.220500e-02     1.50435471715674076e+01
      2461 1.230500e-02     1.50232134212596815e+01
      2481 1.240500e-02     1.49577127788516027e+01
      2501 1.250500e-02     1.49931607066945940e+01
      2521 1.260500e-02     1.51913816873215879e+01
      2541 1.270500e-02     1.54890527820018136e+01
      2561 1.280500e-02     1.57201352239370209e+01
      2581 1.290500e-02     1.58512365139261799e+01
      2601 1.300500e-02     1.58980312873642493e+01
      2621 1.310500e-02     1.59249907681738954e+01
      2641 1.320500e-02     1.59602290749712097e+01
      2661 1.330500e-02     1.59807601924200799e+01
      2681 1.340500e-02     1.59730552175959168e+01
      2701 1.350500e-02     1.59772446768686773e+01
      2721 1.360500e-02     1.59837915914077868e+01
      2741 1.370500e-02     1.59852543009924997e+01
      2761 1.380500e-02     1.59982589821522367e+01
      2781 1.390500e-02     1.60685591995110393e+01
      2801 1.400500e-02     1.61878322709612661e+01
      2821 1.410500e-02     1.63268402105732058e+01
      2841 1.420500e-02     1.64520603769037059e+01
      2861 1.430500e-02     1.65353984591284444e+01
      2881 1.440500e-02     1.65758094134330101e+01
      2901 1.450500e-02     1.65603564311584996e+01
      2921 1.460500e-02     1.65751126269351907e+01
      2941 1.470500e-02     1.65686330097573666e+01
      2961 1.480500e-02     1.65157848731430406e+01
      2981 1.490500e-02     1.64870707135279453e+01
      3001 1.500500e-02     1.65712860712640051e+01
      3021 1.510500e-02     1.67947743306132544e+01
      3041 1.520500e-02     1.69508978466917739e+01
      3061 1.530500e-02     1.69690274782998571e+01
      3081 1.540500e-02     1.69071808075442078e+01
      3101 1.550500e-02     1.68663150872163392e+01
      3121 1.560500e-02     1.69245506635088816e+01
      3141 1.570500e-02     1.70353277247395845e+01
      3161 1.580500e-02     1.71610575815030018e+01
      3181 1.590500e-02     1.72009510109582564e+01
      3201 1.600500e-02     1.72097021913116031e+01
      3221 1.610500e-02     1.72134676119584498e+01
      3241 1.620500e-02     1.72334050404430954e+01
      3261 1.630500e-02     1.72814087466541970e+01
      3281 1.640500e-02     1.73901224567625654e+01
      3301 1.650500e-02     1.73721535039717985e+01
      3321 1.660500e-02     1.73450334519691260e+01
      3341 1.670500e-02     1.74571200342236565e+01
      3361 1.680500e-02     1.74022273897607676e+01
      3381 1.690500e-02     1.75202564863042838e+01
      3401 1.700500e-02     1.75695730500269214e+01
      3421 1.710500e-02     1.75283823048074439e+01
      3441 1.720500e-02     1.75948447469294003e+01
      3461 1.730500e-02     1.77114475779481637e+01
      3481 1.740500e-02     1.78649049034708369e+01
      3501 1.750500e-02     1.80110018131556657e+01
      3521 1.760500e-02     1.80684441178967532e+01
      3541 1.770500e-02     1.79900298584099012e+01
      3561 1.780500e-02     1.79070349410838112e+01
      3581 1.790500e-02     1.79352038463397250e+01
      3601 1.800500e-02     1.79981152435014096e+01
      3621 1.810500e-02     1.80830579818048029e+01
      3641 1.820500e-02     1.82082060065947893e+01
      3661 1.830500e-02     1.82373513388482564e+01
      3681 1.840500e-02     1.81482390043631518e+01
      3701 1.850500e-02     1.81237906446100574e+01
      3721 1.860500e-02     1.81422485471279025e+01
      3741 1.870500e-02     1.82796029466069214e+01
      3761 1.880500e-02     1.83991222967892014e+01
      3781 1.890500e-02     1.84918288384465583e+01
      3801 1.900500e-02     1.84981420717873632e+01
      3821 1.910500e-02     1.83754124905294027e+01
      3841 1.920500e-02     1.83005648147434705e+01
      3861 1.930500e-02     1.83378195032499747e+01
      3881 1.940500e-02     1.83536035969187346e+01
      3901 1.950500e-02     1.83834925417600701e+01
      3921 1.960500e-02     1.84901906072387021e+01
      3941 1.970500e-02     1.85544025011154083e+01
      3961 1.980500e-02     1.85426477143517801e+01
      3981 1.990500e-02     1.85854107176807730e+01
      4001 2.000500e-02     1.86451411994165639e+01
      4021 2.010500e-02     1.86606884783762865e+01
      4041 2.020500e-02     1.87159065984993411e+01
      4061 2.030500e-02     1.88009975257183335e+01
      4081 2.040500e-02     1.88135725720707256e+01
      4101 2.050500e-02     1.88195586849374656e+01
      4121 2.060500e-02     1.88726309450419194e+01
      4141 2.070500e-02     1.89430243302725678e+01
      4161 2.080500e-02     1.88932617550062432e+01
      4181 2.090500e-02     1.88136348618775386e+01
      4201 2.100500e-02     1.88162394481388731e+01
      4221 2.110500e-02     1.88081487992829217e+01
      4241 2.120500e-02     1.87759985923840524e+01
      4261 2.130500e-02     1.88259358066476814e+01
      4281 2.140500e-02     1.89475595114251973e+01
      4301 2.150500e-02     1.90438171204535465e+01
      4321 2.160500e-02     1.90944152591043128e+01
      4341 2.170500e-02     1.91489478483607733e+01
      4361 2.180500e-02     1.92361067269647954e+01
      4381 2.190500e-02     1.92867849035364607e+01
      4401 2.200500e-02     1.93310517187701763e+01
      4421 2.210500e-02     1.94106220772333380e+01
      4441 2.220500e-02     1.94767893170161095e+01
      4461 2.230500e-02     1.94858532440405625e+01
      4481 2.240500e-02     1.94917350766920947e+01
      4501 2.250500e-02     1.95165756696887200e+01
      4521 2.260500e-02     1.95500223012441943e+01
      4541 2.270500e-02     1.95463690434226400e+01
      4561 2.280500e-02     1.95501617773358980e+01
      4581 2.290500e-02     1.95401583010525037e+01
      4601 2.300500e-02     1.94975930472470615e+01
      4621 2.310500e-02     1.94859923111711097e+01
      4641 2.320500e-02     1.94787924801992425e+01
      4661 2.330500e-02     1.95108955527083197e+01
      4681 2.340500e-02     1.95481227414678500e+01
      4701 2.350500e-02     1.95942824655569900e+01
      4721 2.360500e-02     1.96518973874666045e+01
      4741 2.370500e-02     1.97165548032373188e+01
      4761 2.380500e-02     1.97733001295861648e+01
      4781 2.390500e-02     1.98484181290630701e+01
      4801 2.400500e-02     1.98944940232177885e+01
      4821 2.410500e-02     1.99081417407257888e+01
      4841 2.420500e-02     1.99616881077685626e+01
      4861 2.430500e-02     1.99685497388872903e+01
      4881 2.440500e-02     1.99321225949586918e+01
      4901 2.450500e-02     1.99077261908791137e+01
      4921 2.460500e-02     1.98911426487412761e+01
      4941 2.470500e-02     1.98800697368508352e+01
      4961 2.480500e-02     1.98818408254405021e+01
      4981 2.490500e-02     1.99448184563670310e+01
      5001 2.500500e-02     1.99886052473993985e+01
      5021 2.510500e-02     1.99741152639318678e+01
      5041 2.520500e-02     1.99428697850206689e+01
      5061 2.530500e-02     1.99352646085081737e+01
      5081 2.540500e-02     1.99220971931780042e+01
      5101 2.550500e-02     1.98599365742200291e+01
      5121 2.560500e-02     1.98145957136891617e+01
      5141 2.570500e-02     1.98002296648650464e+01
      5161 2.580500e-02     1.98203851430683216e+01
      5181 2.590500e-02     1.97949474811825539e+01
      5201 2.600500e-02     1.97347697969180125e+01
      5221 2.610500e-02     1.96903671993129272e+01
      5241 2.620500e-02     1.96514346920204233e+01
      5261 2.630500e-02     1.95948197410426488e+01
      5281 2.640500e-02     1.95539106703940746e+01
      5301 2.650500e-02     1.95405378139822083e+01
      5321 2.660500e-02     1.95167235100341152e+01
      5341 2.670500e-02     1.94398944280358599e+01
      5361 2.680500e-02     1.93499557860726412e+01
      5381 2.690500e-02     1.93333435535718827e+01
      5401 2.700500e-02     1.93650297730327594e+01
      5421 2.710500e-02     1.94654156124157112e+01
      5441 2.720500e-02     1.94140310051249116e+01
      5461 2.730500e-02     1.93774133369353194e+01
      5481 2.740500e-02     1.94310874676976582e+01
      5501 2.750500e-02     1.94745330571951740e+01
      5521 2.760500e-02     1.94310876141874616e+01
      5541 2.770500e-02     1.94090366954726861e+01
      5561 2.780500e-02     1.93688262426740252e+01
      5581 2.790500e-02     1.93232707743213048e+01
      5601 2.800500e-02     1.92326636478657953e+01
      5621 2.810500e-02     1.91105587657001372e+01
      5641 2.820500e-02     1.91000759069007628e+01
      5661 2.830500e-02     1.92143898012638807e+01
      5681 2.840500e-02     1.92421144499436600e+01
      5701 2.850500e-02     1.93118838687267740e+01
      5721 2.860500e-02     1.92985366482600504e+01
      5741 2.870500e-02     1.93324349044029233e+01
      5761 2.880500e-02     1.94535992915221030e+01
      5781 2.890500e-02     1.95046968224983388e+01
      5801 2.900500e-02     1.95112228195550550e+01
      5821 2.910500e-02     1.95001882461324243e+01
      5841 2.920500e-02     1.95475152271669650e+01
      5861 2.930500e-02     1.96027607297181277e+01
      5881 2.940500e-02     1.96079645194867140e+01
      5901 2.950500e-02     1.95243973225940266e+01
      5921 2.960500e-02     1.94646193504104339e+01
      5941 2.970500e-02     1.94985278140432143e+01
      5961 2.980500e-02     1.95300495640861627e+01
      5981 2.990500e-02     1.95117335297398142e+01
      6001 3.000500e-02     1.94897864645508747e+01
      6021 3.010500e-02     1.94885112544799028e+01
      6041 3.020500e-02     1.95376747462033293e+01
      6061 3.030500e-02     1.96008541898756938e+01
      6081 3.040500e-02     1.95526579880480114e+01
      6101 3.050500e-02     1.95031457725420800e+01
      6121 3.060500e-02     1.94112711685262518e+01
      6141 3.070500e-02     1.94495330660020613e+01
      6161 3.080500e-02     1.95234679711988051e+01
      6181 3.090500e-02     1.95515977545236161e+01
      6201 3.100500e-02     1.95411188364930446e+01
      6221 3.110500e-02     1.94964342455569195e+01
      6241 3.120500e-02     1.95471053141953028e+01
      6261 3.130500e-02     1.95742751399745210e+01
      6281 3.140500e-02     1.95412065248755056e+01
      6301 3.150500e-02     1.94975373547572310e+01
      6321 3.160500e-02     1.94786607485446375e+01
      6341 3.170500e-02     1.94609420317063773e+01
      6361 3.180500e-02     1.95265729564880708e+01
      6381 3.190500e-02     1.96133110359518632e+01
      6401 3.200500e-02     1.95935215936494629e+01
      6421 3.210500e-02     1.95330425076550540e+01
      6441 3.220500e-02     1.95187071564258261e+01
      6461 3.230500e-02     1.95275146314806740e+01
      6481 3.240500e-02     1.95771480243646820e+01
      6501 3.250500e-02     1.95941051460826365e+01
      6521 3.260500e-02     1.95756717234131941e+01
      6541 3.270500e-02     1.95530472126593082e+01
      6561 3.280500e-02     1.95397298871657803e+01
      6581 3.290500e-02     1.95501260006324458e+01
      6601 3.300500e-02     1.95875513716452687e+01
      6621 3.310500e-02     1.95968817067499685e+01
      6641 3.320500e-02     1.95886072838829612e+01
      6661 3.330500e-02     1.95707614748501406e+01
      6681 3.340500e-02     1.96007822766248658e+01
      6701 3.350500e-02     1.96555772495581955e+01
      6721 3.360500e-02     1.96562663613839739e+01
      6741 3.370500e-02     1.96373833800630386e+01
      6761 3.380500e-02     1.96534995888903588e+01
      6781 3.390500e-02     1.96820957942006167e+01
      6801 3.400500e-02     1.96901307702059896e+01
      6821 3.410500e-02     1.96771618860490705e+01
      6841 3.420500e-02     1.96582368884717376e+01
      6861 3.430500e-02     1.96656638991962112e+01
      6881 3.440500e-02     1.96818082177702536e+01
      6901 3.450500e-02     1.97006549111416618e+01
      6921 3.460500e-02     1.97080142188454879e+01
      6941 3.470500e-02     1.97095373985928362e+01
      6961 3.480500e-02     1.97232327874394322e+01
      6981 3.490500e-02     1.97452524511717478e+01
      7001 3.500500e-02     1.97649758170426537e+01
      7021 3.510500e-02     1.97905627308346048e+01
      7041 3.520500e-02     1.98217020229039953e+01
      7061 3.530500e-02     1.98459835819982295e+01
      7081 3.540500e-02     1.98531609611038817e+01
      7101 3.550500e-02     1.98401702369100050e+01
      7121 3.560500e-02     1.98336855470842117e+01
      7141 3.570500e-02     1.98353763836029593e+01
      7161 3.580500e-02     1.98522320762264499e+01
      7181 3.590500e-02     1.98537265624441055e+01
      7201 3.600500e-02     1.98301978127699243e+01
      7221 3.610500e-02     1.98002220542179046e+01
      7241 3.620500e-02     1.97734580490248142e+01
      7261 3.630500e-02     1.97564048801524770e+01
      7281 3.640500e-02     1.97544594790836321e+01
      7301 3.650500e-02     1.97355167656299102e+01
      7321 3.660500e-02     1.97052918943353426e+01
      7341 3.670500e-02     1.96685556175193774e+01
      7361 3.680500e-02     1.96348805961003201e+01
      7381 3.690500e-02     1.96142360210715978e+01
      7401 3.700500e-02     1.96008501044160610e+01
      7421 3.710500e-02     1.95863283825135461e+01
      7441 3.720500e-02     1.95640309528845222e+01
      7461 3.730500e-02     1.95370636500802455e+01
      7481 3.740500e-02     1.95026894621085098e+01
      7501 3.750500e-02     1.94716054587662626e+01
      7521 3.760500e-02     1.94507497832467742e+01
      7541 3.770500e-02     1.94344046986063894e+01
      7561 3.780500e-02     1.94110605990687652e+01
      7581 3.790500e-02     1.93944809921266490e+01
      7601 3.800500e-02     1.93784753475543745e+01
      7621 3.810500e-02     1.93606045542432348e+01
      7641 3.820500e-02     1.93488733975307667e+01
      7661 3.830500e-02     1.93445447807529582e+01
      7681 3.840500e-02     1.93415255615816903e+01
      7701 3.850500e-02     1.93316997812619817e+01
      7721 3.860500e-02     1.93226977342454163e+01
      7741 3.870500e-02     1.93162405278947382e+01
      7761 3.880500e-02     1.93095476909969861e+01
      7781 3.890500e-02     1.93069239778397197e+01
      7801 3.900500e-02     1.93018832997009149e+01
      7821 3.910500e-02     1.93000486784644742e+01
      7841 3.920500e-02     1.92990828436702131e+01
      7861 3.930500e-02     1.93015401092226995e+01
      7881 3.940500e-02     1.93000028176418539e+01
      7901 3.950500e-02     1.92940949031199551e+01
      7921 3.960500e-02     1.92897463311153459e+01
      7941 3.970500e-02     1.92920105924706675e+01
      7961 3.980500e-02     1.92930017248920649e+01
      7981 3.990500e-02     1.92913129117279603e+01
      8001 4.000500e-02     1.92947508879387755e+01
      8021 4.010500e-02     1.92951056137500707e+01
      8041 4.020500e-02     1.92954190156232244e+01
      8061 4.030500e-02     1.93010690994473357e+01
      8081 4.040500e-02     1.93109582136560540e+01
      8101 4.050500e-02     1.93148940683720838e+01
      8121 4.060500e-02     1.93152099297209681e+01
      8141 4.070500e-02     1.93203922456161905e+01
      8161 4.080500e-02     1.93295349850207110e+01
      8181 4.090500e-02     1.93425113850087627e+01
      8201 4.100500e-02     1.93499470780228755e+01
      8221 4.110500e-02     1.93649680813733056e+01
      8241 4.120500e-02     1.93873781108968295e+01
      8261 4.130500e-02     1.94096767303258630e+01
      8281 4.140500e-02     1.94253714056551452e+01
      8301 4.150500e-02     1.94393028483852035e+01
      8321 4.160500e-02     1.94660925256184107e+01
      8341 4.170500e-02     1.94831988380373211e+01
      8361 4.180500e-02     1.94995571695685825e+01
      8381 4.190500e-02     1.95124239750685113e+01
      8401 4.200500e-02     1.95201029628524196e+01
      8421 4.210500e-02     1.95322662084629108e+01
      8441 4.220500e-02     1.95436293025795074e+01
      8461 4.230500e-02     1.95522178309985115e+01
      8481 4.240500e-02     1.95521429609126081e+01
      8501 4.250500e-02     1.95601579899615636e+01
      8521 4.260500e-02     1.95718077997912019e+01
      8541 4.270500e-02     1.95720277082591352e+01
      8561 4.280500e-02     1.95662463340480031e+01
      8581 4.290500e-02     1.95654776858629020e+01
      8601 4.300500e-02     1.95665655101955416e+01
      8621 4.310500e-02     1.95493506656243028e+01
      8641 4.320500e-02     1.95219506779182232e+01
      8661 4.330500e-02     1.95014027838598309e+01
      8681 4.340500e-02     1.94603045694250554e+01
      8701 4.350500e-02     1.94096480411058394e+01
      8721 4.360500e-02     1.93665811838893482e+01
      8741 4.370500e-02     1.93289018258256462e+01
      8761 4.380500e-02     1.92993125183863903e+01
      8781 4.390500e-02     1.92749430942129685e+01
      8801 4.400500e-02     1.92646909093140586e+01
      8821 4.410500e-02     1.92554272802925368e+01
      8841 4.420500e-02     1.92430399690871674e+01
      8861 4.430500e-02     1.92262925396886040e+01
      8881 4.440500e-02     1.92087773915951061e+01
      8901 4.450500e-02     1.91917666116936054e+01
      8921 4.460500e-02     1.91728042619611294e+01
      8941 4.470500e-02     1.91621249471101471e+01
      8961 4.480500e-02     1.91597747369895046e+01
      8981 4.490500e-02     1.91459059624244325e+01
      9001 4.500500e-02     1.91144859605296027e+01
      9021 4.510500e-02     1.90670147064059883e+01
      9041 4.520500e-02     1.90201729768879773e+01
      9061 4.530500e-02     1.89627126723496886e+01
      9081 4.540500e-02     1.89063946478542135e+01
      9101 4.550500e-02     1.88539228007690056e+01
      9121 4.560500e-02     1.88184201091652206e+01
      9141 4.570500e-02     1.88170518797097266e+01
      9161 4.580500e-02     1.88098158230392478e+01
      9181 4.590500e-02     1.88071583480156406e+01
      9201 4.600500e-02     1.88017231139680554e+01
      9221 4.610500e-02     1.88390318300573405e+01
      9241 4.620500e-02     1.88715277687171756e+01
      9261 4.630500e-02     1.89027089197842351e+01
      9281 4.640500e-02     1.89681166713546965e+01
      9301 4.650500e-02     1.90706231608873473e+01
      9321 4.660500e-02     1.91721231158433483e+01
      9341 4.670500e-02     1.92453576266000930e+01
      9361 4.680500e-02     1.93057173930193180e+01
      9381 4.690500e-02     1.93642649281959898e+01
      9401 4.700500e-02     1.94392843852690085e+01
      9421 4.710500e-02     1.95202375585898800e+01
      9441 4.720500e-02     1.95954914850429631e+01
      9461 4.730500e-02     1.96724518744995223e+01
      9481 4.740500e-02     1.97333226870049749e+01
      9501 4.750500e-02     1.97509629648721372e+01
      9521 4.760500e-02     1.97301433319843902e+01
      9541 4.770500e-02     1.96572121937656696e+01
      9561 4.780500e-02     1.95111840053950516e+01
      9581 4.790500e-02     1.93455754318134616e+01
      9601 4.800500e-02     1.91552718079327455e+01
      9621 4.810500e-02     1.89623212331986366e+01
      9641 4.820500e-02     1.88034305876527625e+01
      9661 4.830500e-02     1.87185227252670323e+01
      9681 4.840500e-02     1.87430516297238796e+01
      9701 4.850500e-02     1.87841363269298043e+01
      9721 4.860500e-02     1.88010272715449069e+01
      9741 4.870500e-02     1.87986222326867036e+01
      9761 4.880500e-02     1.87807119217972769e+01
      9781 4.890500e-02     1.87400391392056918e+01
      9801 4.900500e-02     1.86896978752028602e+01
      9821 4.910500e-02     1.86530491858687206e+01
      9841 4.920500e-02     1.86875553998441042e+01
      9861 4.930500e-02     1.87701167147843435e+01
      9881 4.940500e-02     1.88447342920016148e+01
      9901 4.950500e-02     1.88696939909535963e+01
      9921 4.960500e-02     1.89025132804502825e+01
      9941 4.970500e-02     1.89264738219568507e+01
      9961 4.980500e-02     1.89401158294830090e+01
      9981 4.990500e-02     1.88439863712452329e+01
     10001 5.000500e-02     1.88630597863499787e+01
     10021 5.010500e-02     1.88546518462783652e+01
     10041 5.020500e-02     1.89070882144831032e+01
     10061 5.030500e-02     1.89132785467732312e+01
     10081 5.040500e-02     1.88375620675286548e+01
     10101 5.050500e-02     1.87761292570470388e+01
     10121 5.060500e-02     1.87092372498882078e+01
     10141 5.070500e-02     1.86903382486813356e+01
     10161 5.080500e-02     1.86679677838143334e+01
     10181 5.090500e-02     1.86310548374460865e+01
     10201 5.100500e-02     1.86254190898411238e+01
     10221 5.110500e-02     1.86515614125049183e+01
     10241 5.120500e-02     1.86852983080097665e+01
     10261 5.130500e-02     1.86997204334065508e+01
     10281 5.140500e-02     1.87021463850113214e+01
     10301 5.150500e-02     1.87653606093477627e+01
     10321 5.160500e-02     1.88467919571970768e+01
     10341 5.170500e-02     1.89091370428346046e+01
     10361 5.180500e-02     1.89586784157578876e+01
     10381 5.190500e-02     1.90079996555046584e+01
     10401 5.200500e-02     1.90379375557234560e+01
     10421 5.210500e-02     1.90588123541489338e+01
     10441 5.220500e-02     1.90517647730914241e+01
     10461 5.230500e-02     1.90049591900282380e+01
     10481 5.240500e-02     1.90051011379983272e+01
     10501 5.250500e-02     1.90985722300551828e+01
     10521 5.260500e-02     1.92251840409534331e+01
     10541 5.270500e-02     1.93041783330415448e+01
     10561 5.280500e-02     1.93014654955842140e+01
     10581 5.290500e-02     1.92310623093352611e+01
     10601 5.300500e-02     1.93000768657745851e+01
     10621 5.310500e-02     1.93810937932153173e+01
     10641 5.320500e-02     1.93965905809231707e+01
     10661 5.330500e-02     1.93543460723703795e+01
     10681 5.340500e-02     1.93390855055269490e+01
     10701 5.350500e-02     1.94343980928353979e+01
     10721 5.360500e-02     1.94797621731628219e+01
     10741 5.370500e-02     1.95990382889314887e+01
     10761 5.380500e-02     1.97437397256903040e+01
     10781 5.390500e-02     1.96372630978754472e+01
     10801 5.400500e-02     1.96153674170401118e+01
     10821 5.410500e-02     1.96256458919941004e+01
     10841 5.420500e-02     1.96700430979009937e+01
     10861 5.430500e-02     1.96726427945893043e+01
     10881 5.440500e-02     1.97835789192643752e+01
     10901 5.450500e-02     1.98561523644202431e+01
     10921 5.460500e-02     1.99082591160258069e+01
     10941 5.470500e-02     2.00481345828872541e+01
     10961 5.480500e-02     2.02734004027311876e+01
     10981 5.490500e-02     2.02226582543169577e+01
     11001 5.500500e-02     2.03877543149709837e+01
     11021 5.510500e-02     2.04780562067606233e+01
     11041 5.520500e-02     2.04200271781582678e+01
     11061 5.530500e-02     2.03611977402496258e+01
     11081 5.540500e-02     2.03877904217196111e+01
     11101 5.550500e-02     2.04465173039108876e+01
     11121 5.560500e-02     2.05212979906473230e+01
     11141 5.570500e-02     2.04881183829442293e+01
     11161 5.580500e-02     2.06508822571619710e+01
     11181 5.590500e-02     2.07111094170936916e+01
     11201 5.600500e-02     2.04985009409715246e+01
     11221 5.610500e-02     2.07606245995866558e+01
     11241 5.620500e-02     2.08601007987556315e+01
     11261 5.630500e-02     2.09691592692281716e+01
     11281 5.640500e-02     2.08285776459331124e+01
     11301 5.650500e-02     2.08261981096731894e+01
     11321 5.660500e-02     2.08415744798937972e+01
     11341 5.670500e-02     2.09951847683532407e+01
     11361 5.680500e-02     2.11151590607796891e+01
     11381 5.690500e-02     2.11594283440246649e+01
     11401 5.700500e-02     2.10783222173752947e+01
     11421 5.710500e-02     2.08269149478899571e+01
     11441 5.720500e-02     2.08621054013799281e+01
     11461 5.730500e-02     2.11085110766360522e+01
     11481 5.740500e-02     2.11260927431273231e+01
     11501 5.750500e-02     2.09532878493367107e+01
     11521 5.760500e-02     2.08492231279424374e+01
     11541 5.770500e-02     2.07769683419202735e+01
     11561 5.780500e-02     2.05739319231506137e+01
     11581 5.790500e-02     2.03839368868065058e+01
     11601 5.800500e-02     2.02586879109117852e+01
     11621 5.810500e-02     1.98022403485974898e+01
     11641 5.820500e-02     1.94091846067081129e+01
     11661 5.830500e-02     1.91761446291938391e+01
     11681 5.840500e-02     1.92204794112649928e+01
     11701 5.850500e-02     1.91477729592213457e+01
     11721 5.860500e-02     1.89428931494333845e+01
     11741 5.870500e-02     1.88677756807426604e+01
     11761 5.880500e-02     1.87481512676502398e+01
     11781 5.890500e-02     1.82682014423805619e+01
     11801 5.900500e-02     1.78104782972681441e+01
     11821 5.910500e-02     1.79262301292396202e+01
     11841 5.920500e-02     1.80561970114942056e+01
     11861 5.930500e-02     1.80020475214309670e+01
     11881 5.940500e-02     1.79493009028983614e+01
     11901 5.950500e-02     1.73548946189727111e+01
     11921 5.960500e-02     1.78674946881908525e+01
     11941 5.970500e-02     1.80016433120370642e+01
     11961 5.980500e-02     1.82255777735240727e+01
     11981 5.990500e-02     1.81685938738877688e+01
     12001 6.000500e-02     1.80703562514869240e+01
     12021 6.010500e-02     1.79452381802168510e+01
     12041 6.020500e-02     1.78939241227197314e+01
     12061 6.030500e-02     1.79097566026631085e+01
     12081 6.040500e-02     1.79328357241015865e+01
     12101 6.050500e-02     1.79937548954283209e+01
     12121 6.060500e-02     1.82080935455253581e+01
     12141 6.070500e-02     1.83129362568330194e+01
     12161 6.080500e-02     1.82449178589504761e+01
     12181 6.090500e-02     1.77522648801356091e+01
     12201 6.100500e-02     1.78226317218944459e+01
     12221 6.110500e-02     1.79154157674117229e+01
     12241 6.120500e-02     1.80593609127030774e+01
     12261 6.130500e-02     1.84813257195099965e+01
     12281 6.140500e-02     1.89835829033039047e+01
     12301 6.150500e-02     1.88923757260188587e+01
     12321 6.160500e-02     1.88624763783696849e+01
     12341 6.170500e-02     1.89348873602699435e+01
     12361 6.180500e-02     1.92447702810147305e+01
     12381 6.190500e-02     1.93804791026170129e+01
     12401 6.200500e-02     1.92233132244170228e+01
     12421 6.210500e-02     1.87485723426196458e+01
     12441 6.220500e-02     1.90311311672605861e+01
     12461 6.230500e-02     1.90779593047210803e+01
     12481 6.240500e-02     1.89513313048930598e+01
     12501 6.250500e-02     1.90283122345039217e+01
     12521 6.260500e-02     1.95311131674140839e+01
     12541 6.270500e-02     1.97260513755660938e+01
     12561 6.280500e-02     1.98559950246048906e+01
     12581 6.290500e-02     1.96457007744713508e+01
     12601 6.300500e-02     1.99621763851753755e+01
     12621 6.310500e-02     1.99038404780459786e+01
     12641 6.320500e-02     2.00387638113165103e+01
     12661 6.330500e-02     1.99126846385993090e+01
     12681 6.340500e-02     1.95369655023234117e+01
     12701 6.350500e-02     1.95431485237539349e+01
     12721 6.360500e-02     1.98451619627126767e+01
     12741 6.370500e-02     1.99223947863892334e+01
     12761 6.380500e-02     1.97066533825652286e+01
     12781 6.390500e-02     1.95443983550665905e+01
     12801 6.400500e-02     1.93577334605257789e+01
     12821 6.410500e-02     1.96454229920008103e+01
     12841 6.420500e-02     1.99518602372852314e+01
     12861 6.430500e-02     2.00842229471972828e+01
     12881 6.440500e-02     2.04243058584991068e+01
     12901 6.450500e-02     2.07866667263104432e+01
     12921 6.460500e-02     2.08443565000682334e+01
     12941 6.470500e-02     2.06847016755699187e+01
     12961 6.480500e-02     2.09180199280808807e+01
     12981 6.490500e-02     2.03213916393439114e+01
     13001 6.500500e-02     2.01966883691510084e+01
     13021 6.510500e-02     1.98695193222189523e+01
     13041 6.520500e-02     2.01972896887109599e+01
     13061 6.530500e-02     2.02168732560173900e+01
     13081 6.540500e-02     1.97667490569483917e+01
     13101 6.550500e-02     1.94555403658576047e+01
     13121 6.560500e-02     1.93640193955032913e+01
     13141 6.570500e-02     1.97400156231676149e+01
     13161 6.580500e-02     1.98822255128314040e+01
     13181 6.590500e-02     2.03040849370525969e+01
     13201 6.600500e-02     2.01719592841258653e+01
     13221 6.610500e-02     2.03516122397853358e+01
     13241 6.620500e-02     2.01651493605468985e+01
     13261 6.630500e-02     2.05410676988425216e+01
     13281 6.640500e-02     2.00675068222465320e+01
     13301 6.650500e-02     2.01948916280686355e+01
     13321 6.660500e-02     2.00582935303283314e+01
     13341 6.670500e-02     2.02139931189842308e+01
     13361 6.680500e-02     1.99451207237489498e+01
     13381 6.690500e-02     1.96143724313297199e+01
     13401 6.700500e-02     1.97300448150262824e+01
     13421 6.710500e-02     2.03238768958256486e+01
     13441 6.720500e-02     2.06276327354318951e+01
     13461 6.730500e-02     2.04697099887294058e+01
     13481 6.740500e-02     2.04107754852136019e+01
     13501 6.750500e-02     2.07170836649045533e+01
     13521 6.760500e-02     2.10842858352180578e+01
     13541 6.770500e-02     2.10195603573129510e+01
     13561 6.780500e-02     2.03912451739418543e+01
     13581 6.790500e-02     1.98432185396614393e+01
     13601 6.800500e-02     1.96444066444157492e+01
     13621 6.810500e-02     1.98941878599124884e+01
     13641 6.820500e-02     2.01765343376022486e+01
     13661 6.830500e-02     1.99297714138358835e+01
     13681 6.840500e-02     1.96823462270196003e+01
     13701 6.850500e-02     1.97160879229498072e+01
     13721 6.860500e-02     1.94867690264433939e+01
     13741 6.870500e-02     1.93241511305208569e+01
     13761 6.880500e-02     1.91579908596219219e+01
     13781 6.890500e-02     1.93452143696851842e+01
     13801 6.900250e-02     1.92040893558588692e+01
     13821 6.905250e-02     1.94329343843344731e+01
     13841 6.910250e-02     1.94846083046376570e+01
     13861 6.915250e-02     1.93053421301775288e+01
     13881 6.920250e-02     1.92492479334438613e+01
     13901 6.925250e-02     1.94788571644538457e+01
     13921 6.930250e-02     2.00920533847426022e+01
     13941 6.935250e-02     2.02017405755839228e+01
     13961 6.940250e-02     1.98953060198014100e+01
     13981 6.945250e-02     1.95483690398574588e+01
     14001 6.950250e-02     1.97259886383624945e+01
     14021 6.955250e-02     2.02149939825146596e+01
     14041 6.960250e-02     2.07771075469906279e+01
     14061 6.965250e-02     2.07475393683876810e+01
     14081 6.970250e-02     2.01681850484613960e+01
     14101 6.975250e-02     1.96131141171751544e+01
     14121 6.980250e-02     1.85855050436064850e+01
     14141 6.985250e-02     1.88034018275906014e+01
     14161 6.990250e-02     1.97467082007390715e+01
     14181 6.995250e-02     1.96216563970797964e+01
     14201 7.000250e-02     1.90228067099479574e+01
     14221 7.005250e-02     1.87042160035398766e+01
     14241 7.010250e-02     1.87416433608425237e+01
     14261 7.015250e-02     1.88293283230555168e+01
     14281 7.020250e-02     2.02390783059123827e+01
     14301 7.025250e-02     2.03342702009268841e+01
     14321 7.030250e-02     2.02116189124065642e+01
     14341 7.035250e-02     2.02821957009575833e+01
     14361 7.040250e-02     2.05508622907323186e+01
     14381 7.045250e-02     2.04621162120537399e+01
     14401 7.050250e-02     2.03530092892428485e+01
     14421 7.055250e-02     2.00786495514182945e+01
     14441 7.060250e-02     2.00700278354901904e+01
     14461 7.065250e-02     2.06469083377984113e+01
     14481 7.070250e-02     2.10111749071498970e+01
     14501 7.075250e-02     2.11372644785629724e+01
     14521 7.080250e-02     2.17101541304281831e+01
     14541 7.085250e-02     2.20036047436004196e+01
     14561 7.090250e-02     2.20822531245569174e+01
     14581 7.095250e-02     2.17976821509652758e+01
     14601 7.100250e-02     2.14715067236011414e+01
     14621 7.105250e-02     2.09762551242957578e+01
     14641 7.110250e-02     2.04966239575547746e+01
     14661 7.115250e-02     1.98448183222833237e+01
     14681 7.120250e-02     1.92660204957852095e+01
     14701 7.125250e-02     1.90870155059958151e+01
     14721 7.130250e-02     1.93947217410277517e+01
     14741 7.135250e-02     1.93470744686303995e+01
     14761 7.140250e-02     1.89941131833362000e+01
     14781 7.145250e-02     1.82487520482537668e+01
     14801 7.150250e-02     1.72363216314882344e+01
     14821 7.155250e-02     1.57894381358679041e+01
     14841 7.160250e-02     1.35643030674627649e+01
     14861 7.165250e-02     1.29882098861529602e+01
     14881 7.170250e-02     1.45088826767838004e+01
     14901 7.175250e-02     1.50324486900173344e+01
     14921 7.180250e-02     1.46396257662276721e+01
     14941 7.185250e-02     1.51137651628068408e+01
     14961 7.190250e-02     1.68830253837668245e+01
     14981 7.195250e-02     1.84214444064654650e+01
     15001 7.200250e-02     1.84786584231626279e+01
     15021 7.205250e-02     1.83827963770755787e+01
     15041 7.210250e-02     1.85755215667166240e+01
     15061 7.215250e-02     1.90608247909233945e+01
     15081 7.220250e-02     1.93579014200688135e+01
     15101 7.225250e-02     1.94933508448024355e+01
     15121 7.230250e-02     1.94719730479627415e+01
     15141 7.235250e-02     1.99752153431066191e+01
     15161 7.240250e-02     2.03275518462720655e+01
     15181 7.245250e-02     2.04940560138025880e+01
     15201 7.250250e-02     2.01330692745325130e+01
     15221 7.255250e-02     1.97597895747292753e+01
     15241 7.260250e-02     2.00184167186236337e+01
     15261 7.265250e-02     2.01125805538279252e+01
     15281 7.270250e-02     1.98230568336865787e+01
     15301 7.275500e-02     1.96391104110371337e+01
     15321 7.285500e-02     2.00854689345616251e+01
     15341 7.295500e-02     2.04694974524344637e+01
     15361 7.305500e-02     2.01436664915029056e+01
     15381 7.315500e-02     2.09615503204386719e+01
     15401 7.325500e-02     2.10133568232541563e+01
     15421 7.335500e-02     2.13185731474132147e+01
     15441 7.345500e-02     2.14910923421446327e+01
     15461 7.355500e-02     2.13534554463522177e+01
     15481 7.365500e-02     2.16008227362944076e+01
     15501 7.375500e-02     2.11086950981231567e+01
     15521 7.385500e-02     2.11083969236818376e+01
     15541 7.395500e-02     2.12983601098646425e+01
     15561 7.405500e-02     2.16622910862079259e+01
     15581 7.415500e-02     2.12866878972147617e+01
     15601 7.425500e-02     2.07000637894558288e+01
     15621 7.435500e-02     2.06436569245984636e+01
     15641 7.445500e-02     1.87837619761207790e+01
     15661 7.455500e-02     1.77850932187328965e+01
     15681 7.465500e-02     1.86547847001509730e+01
     15701 7.475500e-02     1.86147756764213774e+01
     15721 7.485500e-02     1.95102636093697619e+01
     15741 7.495500e-02     1.83190379320243473e+01
     15761 7.505500e-02     1.78589863154866251e+01
     15781 7.515500e-02     1.89700501605025664e+01
     15801 7.525500e-02     1.88771216822504364e+01
     15821 7.535500e-02     2.01495152147651027e+01
     15841 7.545500e-02     1.98329542111166219e+01
     15861 7.555500e-02     1.91438423377610007e+01
     15881 7.565500e-02     1.85327678246463812e+01
     15901 7.575500e-02     1.86257017364517523e+01
     15921 7.585500e-02     1.89902926670096903e+01
     15941 7.595500e-02     1.90834211435026937e+01
     15961 7.605500e-02     2.00175506231197673e+01
     15981 7.615500e-02     1.99084960977697385e+01
     16001 7.625500e-02     1.98295352503992248e+01
